0
Easy
692
239
207
260
368
199
231
403
216
226
395
232
245
551
224
359
46
392
412
420
1055
406
212
430
218
219
569
239
426
213
174
409
209
196
422
428
426
347
834
387
223
208
411
215
206
372
217
208
424
200
204
578
242
395
392
403
373
1038
47
433
197
355
232
238
517
44
221
422
221
202
358
233
229
372
398
416
352
872
824
858
804
784
53
797
782
831
896
704
831
861
901
390
327
813
1773
415
213
197
442
247
248
406
245
226
443
225
262
639
227
407
299
75
429
405
1077
356
223
418
215
221
581
235
371
216
231
387
196
244
386
395
461
404
