0
Easy
980
318
214
244
401
202
246
361
198
234
371
200
228
607
225
438
400
423
385
1025
380
235
374
232
252
501
311
383
218
281
361
210
247
416
408
446
398
792
351
225
218
423
233
232
355
212
244
395
204
200
652
207
423
421
402
432
1117
316
218
437
212
215
583
269
423
205
268
359
197
221
463
438
409
396
812
776
897
844
881
825
823
848
933
743
895
873
929
371
427
769
1810
407
176
218
388
211
243
363
220
244
375
211
234
633
229
418
454
425
350
1037
425
195
471
180
203
609
220
404
228
231
396
208
208
467
413
382
409