0.0
expert
7100
560
494
474
463
510
527
500
518
287
1186
235
223
249
533
1218
484
508
528
499
490
493
532
472
268
1210
220
229
238
513
1847
463
525
211
244
530
490
530
231
251
494
509
505
281
485
530
1655
495
506
244
266
508
531
470
247
277
489
499
491
262
510
501
2629
241
279
259
306
726
312
1748
250
235
238
219
263
652
326
2041
238
249
229
296
670
322
1705
244
273
257
250
257
1134
220
277
333
2961
336
352
365
1602
454
506
479
486
499
452
515
530
295
1197
274
248
255
509
1208
505
479
556
462
487
534
559
417
296
1224
256
243
282
526
1682
499
492
243
271
505
501
495
234
263
456
560
495
280
466
495
1708
506
536
229
269
464
532
496
230
265
463
538
511
266
515
528
749
204
243
225
281
677
294
1457
254
287
267
258
239
289
667
296
1465
258
271
249
263
254
510
528
277
1420
270
224
244
225
345
1203
286
321
357
